jcarlon@treebeard:~/zzz_test/dpdk-tester/collector$ ./run_rapl.sh -y -r rtBaseline00050ns1000k32b256B -c 50 -s 0.5  
=== Power Measurement Configuration ===
Output file:    rtBaseline00050ns1000k32b256B
Temporary file: ./data_rtBaseline00050ns1000k32b256B
Iterations:     50
Interval:       1s
Remove temp:    Yes
=======================================
Starting data collection...
Calculating averages...
Removing temporary file: ./data_rtBaseline00050ns1000k32b256B
Measurement complete. Results saved to rtBaseline00050ns1000k32b256B
jcarlon@treebeard:~/zzz_test/dpdk-tester/collector$ cat rtBaseline00050ns1000k32b256B 
start_time               end_time                 pkg_power_w  dram_power_w
1779103652.993383169     1779103654.046615362     35.63640881  2.83574507  
1779103654.046615362     1779103655.099529266     35.68074355  2.83648548  
1779103655.099529266     1779103656.152639151     35.74394236  2.85621097  
1779103656.152639151     1779103657.208546877     35.64657220  2.84338198  
1779103657.208546877     1779103658.263520241     35.67617656  2.83051412  
1779103658.263520241     1779103659.317487955     35.64680539  2.84320094  
1779103659.317487955     1779103660.371583939     35.70390324  2.83121561  
1779103660.371583939     1779103661.424988747     35.62900389  2.82412514  
1779103661.424988747     1779103662.477368355     35.66632298  2.83211018  
1779103662.477368355     1779103663.529676914     35.69761518  2.83131309  
1779103663.529676914     1779103664.582495928     35.68558367  2.82681540  
1779103664.582495928     1779103665.636142254     35.65536183  2.83069558  
1779103665.636142254     1779103666.689259052     35.67236232  2.83856834  
1779103666.689259052     1779103667.741979122     35.72314528  2.85949236  
1779103667.741979122     1779103668.796269178     35.63515446  2.82481560  
1779103668.796269178     1779103669.849001169     35.71949302  2.85520154  
1779103669.849001169     1779103670.903236389     35.63411304  2.83050684  
1779103670.903236389     1779103671.956033707     35.65246166  2.83951806  
1779103671.956033707     1779103673.008685112     35.72373514  2.86037522  
1779103673.008685112     1779103674.062928915     35.63422891  2.84068637  
1779103674.062928915     1779103675.115852356     35.68082592  2.84708259  
1779103675.115852356     1779103676.169138432     35.66599319  2.82694234  
1779103676.169138432     1779103677.221516848     35.69785585  2.83113940  
1779103677.221516848     1779103678.274193525     35.65179299  2.81403024  
1779103678.274193525     1779103679.326658487     35.69271601  2.82576058  
1779103679.326658487     1779103680.378982306     35.73450809  2.85879493  
1779103680.378982306     1779103681.439970732     35.64695718  2.82731454  
1779103681.439970732     1779103682.493552923     35.62503363  2.82532015  
1779103682.493552923     1779103683.545984268     35.69750956  2.80436440  
1779103683.545984268     1779103684.598967791     35.67815374  2.83028266  
1779103684.598967791     1779103685.651947737     35.68233197  2.83443290  
1779103685.651947737     1779103686.705060482     35.68009234  2.84171853  
1779103686.705060482     1779103687.757859707     35.64915049  2.83414912  
1779103687.757859707     1779103688.810436487     35.65853979  2.83419704  
1779103688.810436487     1779103689.862561941     35.70464041  2.81355516  
1779103689.862561941     1779103690.914890289     35.73058358  2.86093405  
1779103690.914890289     1779103691.979842186     35.64799886  2.82075839  
1779103691.979842186     1779103693.033402681     35.65919391  2.83519457  
1779103693.033402681     1779103694.086136818     35.65419577  2.83351123  
1779103694.086136818     1779103695.139014721     35.72062904  2.83850102  
1779103695.139014721     1779103696.193121195     35.63950790  2.82330493  
1779103696.193121195     1779103697.245728493     35.72320283  2.85083051  
1779103697.245728493     1779103698.300640345     35.64655088  2.83562365  
1779103698.300640345     1779103699.354375124     35.72326617  2.85897463  
1779103699.354375124     1779103700.410892487     35.62883426  2.82445051  
1779103700.410892487     1779103701.464142799     35.66801409  2.82146035  
1779103701.464142799     1779103702.516837120     35.65687803  2.82337136  
1779103702.516837120     1779103703.569702864     35.75037485  2.84533524  
1779103703.569702864     1779103704.624730825     35.60884295  2.83551442  

=========GLOBAL STATS=========
pkg_min          pkg_max          pkg_avg          pkg_std         
35.60884295      35.75037485      35.67484302      0.03553857       
dram_min         dram_max         dram_avg         dram_std        
2.80436440       2.86093405       2.83526178       0.01292206      
jcarlon@treebeard:~/zzz_test/dpdk-tester/collector$ 
