jcarlon@treebeard:~/zzz_test/dpdk-tester/collector$ cat rtBaseNs00050ns1000k32b256B 
start_time               end_time                 pkg_power_w  dram_power_w
1779103518.639763832     1779103519.700979233     35.66274102  2.84176238  
1779103519.700979233     1779103520.753226757     35.66175176  2.83762796  
1779103520.753226757     1779103521.805501461     35.70061967  2.84655517  
1779103521.805501461     1779103522.861381292     35.67780431  2.83595151  
1779103522.861381292     1779103523.915108442     35.64805083  2.84032256  
1779103523.915108442     1779103524.968054295     35.63595499  2.82563248  
1779103524.968054295     1779103526.020586967     35.68734726  2.82506955  
1779103526.020586967     1779103527.072980404     35.65663249  2.83403611  
1779103527.072980404     1779103528.125153542     35.66728864  2.81518782  
1779103528.125153542     1779103529.177447319     35.65780565  2.83020394  
1779103529.177447319     1779103530.229511499     35.66941609  2.82477158  
1779103530.229511499     1779103531.282353640     35.67633605  2.82570756  
1779103531.282353640     1779103532.334648848     35.66245452  2.81567471  
1779103532.334648848     1779103533.386987209     35.69074678  2.83716541  
1779103533.386987209     1779103534.439364433     35.66205363  2.81118114  
1779103534.439364433     1779103535.492852688     35.72235650  2.85964365  
1779103535.492852688     1779103536.549113989     35.66480279  2.84205338  
1779103536.549113989     1779103537.604495287     35.66169314  2.83782838  
1779103537.604495287     1779103538.658806324     35.66176932  2.84031647  
1779103538.658806324     1779103539.711985588     35.66277108  2.83604710  
1779103539.711985588     1779103540.764794588     35.64545706  2.83505365  
1779103540.764794588     1779103541.817331553     35.65293027  2.83668707  
1779103541.817331553     1779103542.869605541     35.69403255  2.80607810  
1779103542.869605541     1779103543.921931267     35.66269653  2.82626465  
1779103543.921931267     1779103544.974911928     35.71047824  2.83082882  
1779103544.974911928     1779103546.028564692     35.64703411  2.83557079  
1779103546.028564692     1779103547.080898523     35.73034038  2.85111997  
1779103547.080898523     1779103548.136241913     35.59235731  2.81371829  
1779103548.136241913     1779103549.189270735     35.70791817  2.85910408  
1779103549.189270735     1779103550.243232965     35.64056273  2.79915818  
1779103550.243232965     1779103551.295433283     35.66491796  2.82760607  
1779103551.295433283     1779103552.348082781     35.71718988  2.83026497  
1779103552.348082781     1779103553.401758909     35.64827084  2.83328617  
1779103553.401758909     1779103554.454550505     35.64732200  2.82510234  
1779103554.454550505     1779103555.507371902     35.67837154  2.83144511  
1779103555.507371902     1779103556.559896708     35.65583616  2.82561417  
1779103556.559896708     1779103557.612416983     35.68596909  2.83087468  
1779103557.612416983     1779103558.664267302     35.68276144  2.83116423  
1779103558.664267302     1779103559.716870785     35.64835819  2.81764126  
1779103559.716870785     1779103560.769414425     35.65137023  2.81621767  
1779103560.769414425     1779103561.821395159     35.67311624  2.83050811  
1779103561.821395159     1779103562.873658895     35.69872998  2.81071360  
1779103562.873658895     1779103563.926108122     35.65822185  2.83855214  
1779103563.926108122     1779103564.979137659     35.67584068  2.82610591  
1779103564.979137659     1779103566.032078981     35.68068439  2.82077637  
1779103566.032078981     1779103567.085582733     35.69286292  2.83874642  
1779103567.085582733     1779103568.138365269     35.64246911  2.80883459  
1779103568.138365269     1779103569.190691233     35.65949837  2.82518925  
1779103569.190691233     1779103570.242759228     35.66760435  2.81287998  

=========GLOBAL STATS=========
pkg_min          pkg_max          pkg_avg          pkg_std         
35.59235731      35.73034038      35.66946121      0.02493988       
dram_min         dram_max         dram_avg         dram_std        
2.79915818       2.85964365       2.82934379       0.01270336      
jcarlon@treebeard:~/zzz_test/dpdk-tester/collector$ 
